GEN UID,Bus ID,Gen ID,Unit Group,Unit Type,tech,Fuel,MW Inj,MVAR Inj,V Setpoint p.u.,cap,PMin MW,QMax MVAR,QMin MVAR,Min Down Time Hr,Min Up Time Hr,Ramp Rate MW/Min,Start Time Cold Hr,Start Time Warm Hr,Start Time Hot Hr,Start Heat Cold MBTU,Start Heat Warm MBTU,Start Heat Hot MBTU,Non Fuel Start Cost $,Non Fuel Shutdown Cost $,FOR,MTTF Hr,MTTR Hr,Scheduled Maint Weeks,Fuel Price $/MMBTU,Output_pct_0,Output_pct_1,Output_pct_2,Output_pct_3,Output_pct_4,HeatRate,HR_incr_1,HR_incr_2,HR_incr_3,HR_incr_4,T_VOM,Fuel Sulfur Content %,Emissions SO2 Lbs/MMBTU,Emissions NOX Lbs/MMBTU,Emissions Part Lbs/MMBTU,Emissions CO2 Lbs/MMBTU,Emissions CH4 Lbs/MMBTU,Emissions N2O Lbs/MMBTU,Emissions CO Lbs/MMBTU,Emissions VOCs Lbs/MMBTU,Damping Ratio,Inertia MJ/MW,Base MVA,Transformer X p.u.,Unit X p.u.,Pump Load MW,Storage Roundtrip Efficiency,reeds_nodal,TCOMB_V,TSNCR_V,TSCR_V,T_FFV,T_DSIV,T_FOM,T_CAPAD,TCOMB_F,TSNCR_F,TSCR_F,T_FFF,T_DSIF,T_CCSV,T_CCSF,T_CCSROV,T_CCSHR,T_CCSCAPA,T_CCSLOC,ctt,Nuke80RetireYear,StartYear,IsExistUnit,wst,resource_region,TC_WIN,coolingwatertech,RetireYear,sc_point_gid,reeds_ba
101_CT_1,101,1,U20,CT,o-g-s,Oil,8,4.96,1.0468,20,8,10,0,1,1,3,1,0,0,5,5,5,0,0,0.1,450,50,2,10.3494,0.4,0.6,0.8,1,,13114,9456,9476,10352,,0,0.2,0.2,0.5,0.036,160,0.002,0.004,0.11,0.04,0,2.8,24,0.13,0.32,0,0,b101,0,0,0,0,0,0,0,0,0,0,0,0,0,0,0,0,0,0,n,2060,2012,True,fsa,328,20,o-g-s_n_fsa,2042,0,p28
101_CT_2,101,2,U20,CT,o-g-s,Oil,8,4.96,1.0468,20,8,10,0,1,1,3,1,0,0,5,5,5,0,0,0.1,450,50,2,10.3494,0.4,0.6,0.8,1,,13114,9456,9476,10352,,0,0.2,0.2,0.5,0.036,160,0.002,0.004,0.11,0.04,0,2.8,24,0.13,0.32,0,0,b101,0,0,0,0,0,0,0,0,0,0,0,0,0,0,0,0,0,0,n,2060,2009,True,fsa,328,20,o-g-s_n_fsa,2039,1,p28
101_STEAM_3,101,3,U76,STEAM,coalolduns,Coal,76,0.14,1.0468,76,30,30,-25,4,8,2,12,10,3,5284.8,4861.4,3379.4,0,0,0.02,1960,40,3,2.11399,0.394736842,0.596491228,0.798245614,1,,13270,6713,8028,8549,,0,Unit-specific,Unit-specific,Unit-specific,Unit-specific,210,0.001,0.004,0.02,0.003,0,3,89,0.13,0.3,0,0,b101,0,0,0,0,0,0,0,0,0,0,0,0,0,0,0,0,0,0,n,2060,2012,True,fsa,328,76,coalolduns_n_fsa,2042,2,p28
101_STEAM_4,101,4,U76,STEAM,coalolduns,Coal,76,0.14,1.0468,76,30,30,-25,4,8,2,12,10,3,5284.8,4861.4,3379.4,0,0,0.02,1960,40,3,2.11399,0.394736842,0.596491228,0.798245614,1,,13270,6713,8028,8549,,0,Unit-specific,Unit-specific,Unit-specific,Unit-specific,210,0.001,0.004,0.02,0.003,0,3,89,0.13,0.3,0,0,b101,0,0,0,0,0,0,0,0,0,0,0,0,0,0,0,0,0,0,n,2060,2009,True,fsa,328,76,coalolduns_n_fsa,2039,3,p28
101_PV_1,101,1,PV,PV,upv,Solar,0,0,1,25.9,0,0,0,0,0,25.9,0,0,0,0,0,0,0,0,0,0,0,0,0,0,0,0,0,,,0,0,0,,0,0,0,0,0,0,0,0,0,0,0,0,25.9,0,0,0,0,b101,0,0,0,0,0,0,0,0,0,0,0,0,0,0,0,0,0,0,n,2060,2009,True,fsa,328,25.9,upv_n_fsa,2039,113,p28
101_PV_2,101,2,PV,PV,upv,Solar,0,0,1,26.7,0,0,0,0,0,26.7,0,0,0,0,0,0,0,0,0,0,0,0,0,0,0,0,0,,,0,0,0,,0,0,0,0,0,0,0,0,0,0,0,0,26.7,0,0,0,0,b101,0,0,0,0,0,0,0,0,0,0,0,0,0,0,0,0,0,0,n,2060,2009,True,fsa,328,26.7,upv_n_fsa,2039,117,p28
101_PV_3,101,3,PV,PV,upv,Solar,0,0,1,26.2,0,0,0,0,0,26.2,0,0,0,0,0,0,0,0,0,0,0,0,0,0,0,0,0,,,0,0,0,,0,0,0,0,0,0,0,0,0,0,0,0,26.2,0,0,0,0,b101,0,0,0,0,0,0,0,0,0,0,0,0,0,0,0,0,0,0,n,2060,2009,True,fsa,328,26.2,upv_n_fsa,2039,118,p28
101_PV_4,101,4,PV,PV,upv,Solar,0,0,1,25.8,0,0,0,0,0,25.8,0,0,0,0,0,0,0,0,0,0,0,0,0,0,0,0,0,,,0,0,0,,0,0,0,0,0,0,0,0,0,0,0,0,25.8,0,0,0,0,b101,0,0,0,0,0,0,0,0,0,0,0,0,0,0,0,0,0,0,n,2060,2009,True,fsa,328,25.8,upv_n_fsa,2039,119,p28
102_CT_1,102,1,U20,CT,o-g-s,Oil,8,4.88,1.0467,20,8,10,0,1,1,3,1,0,0,5,5,5,0,0,0.1,450,50,2,10.3494,0.4,0.6,0.8,1,,14639,8597,9147,9622,,0,0.2,0.2,0.5,0.036,160,0.002,0.004,0.11,0.04,0,2.8,24,0.13,0.32,0,0,b102,0,0,0,0,0,0,0,0,0,0,0,0,0,0,0,0,0,0,n,2060,2009,True,fsa,328,20,o-g-s_n_fsa,2039,4,p28
102_CT_2,102,2,U20,CT,o-g-s,Oil,8,4.88,1.0467,20,8,10,0,1,1,3,1,0,0,5,5,5,0,0,0.1,450,50,2,10.3494,0.4,0.6,0.8,1,,14639,8597,9147,9622,,0,0.2,0.2,0.5,0.036,160,0.002,0.004,0.11,0.04,0,2.8,24,0.13,0.32,0,0,b102,0,0,0,0,0,0,0,0,0,0,0,0,0,0,0,0,0,0,n,2060,2009,True,fsa,328,20,o-g-s_n_fsa,2039,5,p28
102_STEAM_3,102,3,U76,STEAM,coalolduns,Coal,76,-2.31,1.0467,76,30,30,-25,4,8,2,12,10,3,5284.8,4861.4,3379.4,0,0,0.02,1960,40,3,2.11399,0.394736842,0.596491228,0.798245614,1,,11591,8734,9861,10651,,0,Unit-specific,Unit-specific,Unit-specific,Unit-specific,210,0.001,0.004,0.02,0.003,0,3,89,0.13,0.3,0,0,b102,0,0,0,0,0,0,0,0,0,0,0,0,0,0,0,0,0,0,n,2060,2009,True,fsa,328,76,coalolduns_n_fsa,2039,6,p28
102_STEAM_4,102,4,U76,STEAM,coalolduns,Coal,76,-2.31,1.0467,76,30,30,-25,4,8,2,12,10,3,5284.8,4861.4,3379.4,0,0,0.02,1960,40,3,2.11399,0.394736842,0.596491228,0.798245614,1,,11591,8734,9861,10651,,0,Unit-specific,Unit-specific,Unit-specific,Unit-specific,210,0.001,0.004,0.02,0.003,0,3,89,0.13,0.3,0,0,b102,0,0,0,0,0,0,0,0,0,0,0,0,0,0,0,0,0,0,n,2060,2009,True,fsa,328,76,coalolduns_n_fsa,2039,7,p28
102_PV_1,102,1,PV,PV,upv,Solar,0,0,1,25.6,0,0,0,0,0,25.6,0,0,0,0,0,0,0,0,0,0,0,0,0,0,0,0,0,,,0,0,0,,0,0,0,0,0,0,0,0,0,0,0,0,25.6,0,0,0,0,b102,0,0,0,0,0,0,0,0,0,0,0,0,0,0,0,0,0,0,n,2060,2009,True,fsa,328,25.6,upv_n_fsa,2039,112,p28
102_PV_2,102,2,PV,PV,upv,Solar,0,0,1,25.3,0,0,0,0,0,25.3,0,0,0,0,0,0,0,0,0,0,0,0,0,0,0,0,0,,,0,0,0,,0,0,0,0,0,0,0,0,0,0,0,0,25.3,0,0,0,0,b102,0,0,0,0,0,0,0,0,0,0,0,0,0,0,0,0,0,0,n,2060,2009,True,fsa,328,25.3,upv_n_fsa,2039,114,p28
107_CC_1,107,1,U355,CC,gas-cc,NG,355,49.51,1.05,355,170,150,-25,4.5,8,4.14,2,1,0.5,7215.1,4536.1,3196.6,0,0,0.033,967,33,1.07,3.88722,0.478873239,0.65258216,0.82629108,1,,7222,5970,6892,7854,,0,0,0.0006,0.079999998,0,118,0,0,0,0,0,5,414,0.13,0.3,0,0,b107,0,0,0,0,0,0,0,0,0,0,0,0,0,0,0,0,0,0,n,2060,2012,True,fsa,328,355,gas-cc_n_fsa,2042,8,p27
113_CT_1,113,1,U55,CT,gas-ct,NG,55,19,1.0347,55,22,19,-15,2.2,2.2,3.7,1,0.75,0.25,1457.4,1122.5,452.8,0,0,0.031,969,31,0.79,3.88722,0.4,0.6,0.8,1,,13125,6899,7602,7797,,0,0,0.0006,0.079999998,0,118,0,0,0,0,0,2.8,64,0.13,0.32,0,0,b113,0,0,0,0,0,0,0,0,0,0,0,0,0,0,0,0,0,0,n,2060,2012,True,fsa,328,55,gas-ct_n_fsa,2042,9,p10
113_CT_2,113,2,U55,CT,gas-ct,NG,55,19,1.0347,55,22,19,-15,2.2,2.2,3.7,1,0.75,0.25,1457.4,1122.5,452.8,0,0,0.031,969,31,0.79,3.88722,0.4,0.6,0.8,1,,13125,6899,7602,7797,,0,0,0.0006,0.079999998,0,118,0,0,0,0,0,2.8,64,0.13,0.32,0,0,b113,0,0,0,0,0,0,0,0,0,0,0,0,0,0,0,0,0,0,n,2060,2009,True,fsa,328,55,gas-ct_n_fsa,2039,10,p10
113_CT_3,113,3,U55,CT,gas-ct,NG,55,19,1.0347,55,22,19,-15,2.2,2.2,3.7,1,0.75,0.25,1457.4,1122.5,452.8,0,0,0.031,969,31,0.79,3.88722,0.4,0.6,0.8,1,,13125,6899,7602,7797,,0,0,0.0006,0.079999998,0,118,0,0,0,0,0,2.8,64,0.13,0.32,0,0,b113,0,0,0,0,0,0,0,0,0,0,0,0,0,0,0,0,0,0,n,2060,2009,True,fsa,328,55,gas-ct_n_fsa,2039,11,p10
113_CT_4,113,4,U55,CT,gas-ct,NG,55,19,1.0347,55,22,19,-15,2.2,2.2,3.7,1,0.75,0.25,1457.4,1122.5,452.8,0,0,0.031,969,31,0.79,3.88722,0.4,0.6,0.8,1,,13125,6899,7602,7797,,0,0,0.0006,0.079999998,0,118,0,0,0,0,0,2.8,64,0.13,0.32,0,0,b113,0,0,0,0,0,0,0,0,0,0,0,0,0,0,0,0,0,0,n,2060,2009,True,fsa,328,55,gas-ct_n_fsa,2039,12,p10
113_PV_1,113,1,PV,PV,upv,Solar,0,0,1,93.6,0,0,0,0,0,93.6,0,0,0,0,0,0,0,0,0,0,0,0,0,0,0,0,0,,,0,0,0,,0,0,0,0,0,0,0,0,0,0,0,0,93.6,0,0,0,0,b113,0,0,0,0,0,0,0,0,0,0,0,0,0,0,0,0,0,0,n,2060,2009,True,fsa,328,93.6,upv_n_fsa,2039,109,p10
115_STEAM_1,115,1,U12,STEAM,o-g-s,Oil,5,6,1.0428,12,5,6,0,2,4,1,12,4,2,68,44,38,0,0,0.02,2940,60,2,10.3494,0.416666667,0.611111111,0.805555556,1,,17340,12030,12083,12913,,0,Unit-Specific,Unit-specific,0.5,0.1,170,0.002,0.004,0.04,0.007,0,2.8,14,0.13,0.32,0,0,b115,0,0,0,0,0,0,0,0,0,0,0,0,0,0,0,0,0,0,n,2060,2009,True,fsa,328,12,o-g-s_n_fsa,2039,13,p10
115_STEAM_2,115,2,U12,STEAM,o-g-s,Oil,5,6,1.0428,12,5,6,0,2,4,1,12,4,2,68,44,38,0,0,0.02,2940,60,2,10.3494,0.416666667,0.611111111,0.805555556,1,,17340,12030,12083,12913,,0,Unit-Specific,Unit-specific,0.5,0.1,170,0.002,0.004,0.04,0.007,0,2.8,14,0.13,0.32,0,0,b115,0,0,0,0,0,0,0,0,0,0,0,0,0,0,0,0,0,0,n,2060,2009,True,fsa,328,12,o-g-s_n_fsa,2039,14,p10
115_STEAM_3,115,3,U155,STEAM,coalolduns,Coal,155,80,1.0428,155,62,80,-50,8,8,3,60,11,3,10778.1,7437.5,6892.1,0,0,0.04,960,40,4,2.11399,0.4,0.6,0.8,1,,11446,9650,10640,12796,,0,Unit-specific,Unit-specific,Unit-specific,Unit-specific,210,0.001,0.004,0.02,0.003,0,3,182,0.13,0.3,0,0,b115,0,0,0,0,0,0,0,0,0,0,0,0,0,0,0,0,0,0,n,2060,2009,True,fsa,328,155,coalolduns_n_fsa,2039,15,p10
116_STEAM_1,116,1,U155,STEAM,coalolduns,Coal,155,80,1.0461,155,62,80,-50,8,8,3,60,11,3,10778.1,7437.5,6892.1,0,0,0.04,960,40,4,2.11399,0.4,0.6,0.8,1,,13238,9312,10158,11294,,0,Unit-specific,Unit-specific,Unit-specific,Unit-specific,210,0.001,0.004,0.02,0.003,0,3,182,0.13,0.3,0,0,b116,0,0,0,0,0,0,0,0,0,0,0,0,0,0,0,0,0,0,n,2060,2009,True,fsa,328,155,coalolduns_n_fsa,2039,16,p10
118_CC_1,118,1,U355,CC,gas-cc,NG,355,68.43,1.05,355,170,150,-25,4.5,8,4.14,2,1,0.5,7215.1,4536.1,3196.6,0,0,0.033,967,33,1.07,3.88722,0.478873239,0.65258216,0.82629108,1,,7257,5808,7140,8351,,0,0,0.0006,0.079999998,0,118,0,0,0,0,0,5,414,0.13,0.3,0,0,b118,0,0,0,0,0,0,0,0,0,0,0,0,0,0,0,0,0,0,n,2060,2009,True,fsa,328,355,gas-cc_n_fsa,2039,17,p10
118_RTPV_1,118,1,RTPV,RTPV,distpv,Solar,0,0,1,9.3,0,0,0,0,0,9.3,0,0,0,0,0,0,0,0,0,0,0,0,0,0,0,0,0,,,0,0,0,,0,0,0,0,0,0,0,0,0,0,0,0,9.3,0,0,0,0,b118,0,0,0,0,0,0,0,0,0,0,0,0,0,0,0,0,0,0,n,2060,2009,True,fsa,328,9.3,distpv_n_fsa,2039,141,p10
118_RTPV_2,118,2,RTPV,RTPV,distpv,Solar,0,0,1,9.7,0,0,0,0,0,9.7,0,0,0,0,0,0,0,0,0,0,0,0,0,0,0,0,0,,,0,0,0,,0,0,0,0,0,0,0,0,0,0,0,0,9.7,0,0,0,0,b118,0,0,0,0,0,0,0,0,0,0,0,0,0,0,0,0,0,0,n,2060,2009,True,fsa,328,9.7,distpv_n_fsa,2039,142,p10
118_RTPV_3,118,3,RTPV,RTPV,distpv,Solar,0,0,1,9.4,0,0,0,0,0,9.4,0,0,0,0,0,0,0,0,0,0,0,0,0,0,0,0,0,,,0,0,0,,0,0,0,0,0,0,0,0,0,0,0,0,9.4,0,0,0,0,b118,0,0,0,0,0,0,0,0,0,0,0,0,0,0,0,0,0,0,n,2060,2009,True,fsa,328,9.4,distpv_n_fsa,2039,143,p10
118_RTPV_4,118,4,RTPV,RTPV,distpv,Solar,0,0,1,9.1,0,0,0,0,0,9.1,0,0,0,0,0,0,0,0,0,0,0,0,0,0,0,0,0,,,0,0,0,,0,0,0,0,0,0,0,0,0,0,0,0,9.1,0,0,0,0,b118,0,0,0,0,0,0,0,0,0,0,0,0,0,0,0,0,0,0,n,2060,2009,True,fsa,328,9.1,distpv_n_fsa,2039,144,p10
118_RTPV_5,118,5,RTPV,RTPV,distpv,Solar,0,0,1,9.1,0,0,0,0,0,9.1,0,0,0,0,0,0,0,0,0,0,0,0,0,0,0,0,0,,,0,0,0,,0,0,0,0,0,0,0,0,0,0,0,0,9.1,0,0,0,0,b118,0,0,0,0,0,0,0,0,0,0,0,0,0,0,0,0,0,0,n,2060,2009,True,fsa,328,9.1,distpv_n_fsa,2039,145,p10
118_RTPV_6,118,6,RTPV,RTPV,distpv,Solar,0,0,1,9.7,0,0,0,0,0,9.7,0,0,0,0,0,0,0,0,0,0,0,0,0,0,0,0,0,,,0,0,0,,0,0,0,0,0,0,0,0,0,0,0,0,9.7,0,0,0,0,b118,0,0,0,0,0,0,0,0,0,0,0,0,0,0,0,0,0,0,n,2060,2009,True,fsa,328,9.7,distpv_n_fsa,2039,146,p10
118_RTPV_7,118,7,RTPV,RTPV,distpv,Solar,0,0,1,11.8,0,0,0,0,0,11.8,0,0,0,0,0,0,0,0,0,0,0,0,0,0,0,0,0,,,0,0,0,,0,0,0,0,0,0,0,0,0,0,0,0,11.8,0,0,0,0,b118,0,0,0,0,0,0,0,0,0,0,0,0,0,0,0,0,0,0,n,2060,2009,True,fsa,328,11.8,distpv_n_fsa,2039,148,p10
118_RTPV_8,118,8,RTPV,RTPV,distpv,Solar,0,0,1,11.2,0,0,0,0,0,11.2,0,0,0,0,0,0,0,0,0,0,0,0,0,0,0,0,0,,,0,0,0,,0,0,0,0,0,0,0,0,0,0,0,0,11.2,0,0,0,0,b118,0,0,0,0,0,0,0,0,0,0,0,0,0,0,0,0,0,0,n,2060,2009,True,fsa,328,11.2,distpv_n_fsa,2039,149,p10
118_RTPV_9,118,9,RTPV,RTPV,distpv,Solar,0,0,1,10.3,0,0,0,0,0,10.3,0,0,0,0,0,0,0,0,0,0,0,0,0,0,0,0,0,,,0,0,0,,0,0,0,0,0,0,0,0,0,0,0,0,10.3,0,0,0,0,b118,0,0,0,0,0,0,0,0,0,0,0,0,0,0,0,0,0,0,n,2060,2009,True,fsa,328,10.3,distpv_n_fsa,2039,150,p10
118_RTPV_10,118,10,RTPV,RTPV,distpv,Solar,0,0,1,4.5,0,0,0,0,0,4.5,0,0,0,0,0,0,0,0,0,0,0,0,0,0,0,0,0,,,0,0,0,,0,0,0,0,0,0,0,0,0,0,0,0,4.5,0,0,0,0,b118,0,0,0,0,0,0,0,0,0,0,0,0,0,0,0,0,0,0,n,2060,2009,True,fsa,328,4.5,distpv_n_fsa,2039,151,p10
123_STEAM_2,123,2,U155,STEAM,coalolduns,Coal,155,-5.19,1.05,155,62,80,-50,8,8,3,60,11,3,10778.1,7437.5,6892.1,0,0,0.04,960,40,4,2.11399,0.4,0.6,0.8,1,,10967,9191,10865,15627,,0,Unit-specific,Unit-specific,Unit-specific,Unit-specific,210,0.001,0.004,0.02,0.003,0,3,182,0.13,0.3,0,0,b123,0,0,0,0,0,0,0,0,0,0,0,0,0,0,0,0,0,0,n,2060,2009,True,fsa,328,155,coalolduns_n_fsa,2039,18,p10
123_STEAM_3,123,3,U350,STEAM,coalolduns,Coal,350,28.41,1.05,350,140,150,-25,48,24,4,96,12,8,17384.1,10114.4,9768.2,0,0,0.08,1150,100,5,2.11399,0.4,0.6,0.8,1,,12106,9453,10240,11087,,0,Unit-specific,Unit-specific,Unit-specific,Unit-specific,210,0.001,0.004,0.02,0.003,0,3,412,0.13,0.3,0,0,b123,0,0,0,0,0,0,0,0,0,0,0,0,0,0,0,0,0,0,n,2060,2009,True,fsa,328,350,coalolduns_n_fsa,2039,19,p10
123_CT_1,123,1,U55,CT,gas-ct,NG,55,0.62,1.05,55,22,19,-15,2.2,2.2,3.7,1,0.75,0.25,1457.4,1122.5,452.8,0,0,0.031,969,31,0.79,3.88722,0.4,0.6,0.8,1,,12725,6757,7667,7998,,0,0,0.0006,0.079999998,0,118,0,0,0,0,0,2.8,64,0.13,0.32,0,0,b123,0,0,0,0,0,0,0,0,0,0,0,0,0,0,0,0,0,0,n,2060,2009,True,fsa,328,55,gas-ct_n_fsa,2039,20,p10
123_CT_4,123,4,U55,CT,gas-ct,NG,55,0.62,1.05,55,22,19,-15,2.2,2.2,3.7,1,0.75,0.25,1457.4,1122.5,452.8,0,0,0.031,969,31,0.79,3.88722,0.4,0.6,0.8,1,,12725,6757,7667,7998,,0,0,0.0006,0.079999998,0,118,0,0,0,0,0,2.8,64,0.13,0.32,0,0,b123,0,0,0,0,0,0,0,0,0,0,0,0,0,0,0,0,0,0,n,2060,2009,True,fsa,328,55,gas-ct_n_fsa,2039,21,p10
123_CT_5,123,5,U55,CT,gas-ct,NG,55,0.62,1.05,55,22,19,-15,2.2,2.2,3.7,1,0.75,0.25,1457.4,1122.5,452.8,0,0,0.031,969,31,0.79,3.88722,0.4,0.6,0.8,1,,12725,6757,7667,7998,,0,0,0.0006,0.079999998,0,118,0,0,0,0,0,2.8,64,0.13,0.32,0,0,b123,0,0,0,0,0,0,0,0,0,0,0,0,0,0,0,0,0,0,n,2060,2009,True,fsa,328,55,gas-ct_n_fsa,2039,22,p10
201_CT_1,201,1,U20,CT,o-g-s,Oil,8,5.29,1.05,20,8,10,0,1,1,3,1,0,0,5,5,5,0,0,0.1,450,50,2,10.3494,0.4,0.6,0.8,1,,13977,7969,8107,10782,,0,0.2,0.2,0.5,0.036,160,0.002,0.004,0.11,0.04,0,2.8,24,0.13,0.32,0,0,b201,0,0,0,0,0,0,0,0,0,0,0,0,0,0,0,0,0,0,n,2060,2009,True,fsa,333,20,o-g-s_n_fsa,2039,23,p27
201_CT_2,201,2,U20,CT,o-g-s,Oil,8,5.29,1.05,20,8,10,0,1,1,3,1,0,0,5,5,5,0,0,0.1,450,50,2,10.3494,0.4,0.6,0.8,1,,13977,7969,8107,10782,,0,0.2,0.2,0.5,0.036,160,0.002,0.004,0.11,0.04,0,2.8,24,0.13,0.32,0,0,b201,0,0,0,0,0,0,0,0,0,0,0,0,0,0,0,0,0,0,n,2060,2009,True,fsa,333,20,o-g-s_n_fsa,2039,24,p27
201_STEAM_3,201,3,U76,STEAM,coalolduns,Coal,76,6.99,1.05,76,30,30,-25,4,8,2,12,10,3,5284.8,4861.4,3379.4,0,0,0.02,1960,40,3,2.11399,0.394736842,0.596491228,0.798245614,1,,12989,10495,11090,12185,,0,Unit-specific,Unit-specific,Unit-specific,Unit-specific,210,0.001,0.004,0.02,0.003,0,3,89,0.13,0.3,0,0,b201,0,0,0,0,0,0,0,0,0,0,0,0,0,0,0,0,0,0,n,2060,2009,True,fsa,333,76,coalolduns_n_fsa,2039,25,p27
201_HYDRO_4,201,4,U50,ROR,hydEND,Hydro,50,4.15,1.05,50,0,16,-10,0,0,50,0,0,0,0,0,0,0,0,0.01,1980,20,2,0,1,0,0,0,,,0,0,0,,0,0,0,0,0,0,0,0,0,0,0,3.5,53,0.1,0.28,0,0,b201,0,0,0,0,0,0,0,0,0,0,0,0,0,0,0,0,0,0,n,2060,2012,True,fsa,333,50,hydEND_n_fsa,2042,80,p27
202_CT_1,202,1,U20,CT,o-g-s,Oil,8,5.13,1.05,20,8,10,0,1,1,3,1,0,0,5,5,5,0,0,0.1,450,50,2,10.3494,0.4,0.6,0.8,1,,13663,7836,8442,9454,,0,0.2,0.2,0.5,0.036,160,0.002,0.004,0.11,0.04,0,2.8,24,0.13,0.32,0,0,b202,0,0,0,0,0,0,0,0,0,0,0,0,0,0,0,0,0,0,n,2060,2009,True,fsa,333,20,o-g-s_n_fsa,2039,26,p27
202_CT_2,202,2,U20,CT,o-g-s,Oil,8,5.13,1.05,20,8,10,0,1,1,3,1,0,0,5,5,5,0,0,0.1,450,50,2,10.3494,0.4,0.6,0.8,1,,13663,7836,8442,9454,,0,0.2,0.2,0.5,0.036,160,0.002,0.004,0.11,0.04,0,2.8,24,0.13,0.32,0,0,b202,0,0,0,0,0,0,0,0,0,0,0,0,0,0,0,0,0,0,n,2060,2009,True,fsa,333,20,o-g-s_n_fsa,2039,27,p27
202_STEAM_3,202,3,U76,STEAM,coalolduns,Coal,76,2.01,1.05,76,30,30,-25,4,8,2,12,10,3,5284.8,4861.4,3379.4,0,0,0.02,1960,40,3,2.11399,0.394736842,0.596491228,0.798245614,1,,11846,9989,10070,12902,,0,Unit-specific,Unit-specific,Unit-specific,Unit-specific,210,0.001,0.004,0.02,0.003,0,3,89,0.13,0.3,0,0,b202,0,0,0,0,0,0,0,0,0,0,0,0,0,0,0,0,0,0,n,2060,2009,True,fsa,333,76,coalolduns_n_fsa,2039,28,p27
202_STEAM_4,202,4,U76,STEAM,coalolduns,Coal,76,2.01,1.05,76,30,30,-25,4,8,2,12,10,3,5284.8,4861.4,3379.4,0,0,0.02,1960,40,3,2.11399,0.394736842,0.596491228,0.798245614,1,,11846,9989,10070,12902,,0,Unit-specific,Unit-specific,Unit-specific,Unit-specific,210,0.001,0.004,0.02,0.003,0,3,89,0.13,0.3,0,0,b202,0,0,0,0,0,0,0,0,0,0,0,0,0,0,0,0,0,0,n,2060,2009,True,fsa,333,76,coalolduns_n_fsa,2039,29,p27
207_CT_1,207,1,U55,CT,gas-ct,NG,55,19,0.9699,55,22,19,-15,2.2,2.2,3.7,1,0.75,0.25,1457.4,1122.5,452.8,0,0,0.031,969,31,0.79,3.88722,0.4,0.6,0.8,1,,13051,8804,9481,10955,,0,0,0.0006,0.079999998,0,118,0,0,0,0,0,2.8,64,0.13,0.32,0,0,b207,0,0,0,0,0,0,0,0,0,0,0,0,0,0,0,0,0,0,n,2060,2009,True,fsa,333,55,gas-ct_n_fsa,2039,30,p28
207_CT_2,207,2,U55,CT,gas-ct,NG,55,19,0.9699,55,22,19,-15,2.2,2.2,3.7,1,0.75,0.25,1457.4,1122.5,452.8,0,0,0.031,969,31,0.79,3.88722,0.4,0.6,0.8,1,,13051,8804,9481,10955,,0,0,0.0006,0.079999998,0,118,0,0,0,0,0,2.8,64,0.13,0.32,0,0,b207,0,0,0,0,0,0,0,0,0,0,0,0,0,0,0,0,0,0,n,2060,2009,True,fsa,333,55,gas-ct_n_fsa,2039,31,p28
213_CC_3,213,3,U355,CC,gas-cc,NG,355,135.8,1.05,355,170,150,-25,4.5,8,4.14,2,1,0.5,7215.1,4536.1,3196.6,0,0,0.033,967,33,1.07,3.88722,0.478873239,0.65258216,0.82629108,1,,7824,6334,6979,8749,,0,0,0.0006,0.079999998,0,118,0,0,0,0,0,5,414,0.13,0.3,0,0,b213,0,0,0,0,0,0,0,0,0,0,0,0,0,0,0,0,0,0,n,2060,2009,True,fsa,333,355,gas-cc_n_fsa,2039,32,p13
213_CT_1,213,1,U55,CT,gas-ct,NG,55,9.23,1.05,55,22,19,-15,2.2,2.2,3.7,1,0.75,0.25,1457.4,1122.5,452.8,0,0,0.031,969,31,0.79,3.88722,0.4,0.6,0.8,1,,13125,6899,7602,7797,,0,0,0.0006,0.079999998,0,118,0,0,0,0,0,2.8,64,0.13,0.32,0,0,b213,0,0,0,0,0,0,0,0,0,0,0,0,0,0,0,0,0,0,n,2060,2009,True,fsa,333,55,gas-ct_n_fsa,2039,33,p13
213_CT_2,213,2,U55,CT,gas-ct,NG,55,9.23,1.05,55,22,19,-15,2.2,2.2,3.7,1,0.75,0.25,1457.4,1122.5,452.8,0,0,0.031,969,31,0.79,3.88722,0.4,0.6,0.8,1,,13125,6899,7602,7797,,0,0,0.0006,0.079999998,0,118,0,0,0,0,0,2.8,64,0.13,0.32,0,0,b213,0,0,0,0,0,0,0,0,0,0,0,0,0,0,0,0,0,0,n,2060,2009,True,fsa,333,55,gas-ct_n_fsa,2039,34,p13
213_RTPV_1,213,1,RTPV,RTPV,distpv,Solar,0,0,1,13.2,0,0,0,0,0,13.2,0,0,0,0,0,0,0,0,0,0,0,0,0,0,0,0,0,,,0,0,0,,0,0,0,0,0,0,0,0,0,0,0,0,13.2,0,0,0,0,b213,0,0,0,0,0,0,0,0,0,0,0,0,0,0,0,0,0,0,n,2060,2009,True,fsa,333,13.2,distpv_n_fsa,2039,152,p13
215_CT_4,215,4,U55,CT,gas-ct,NG,55,19,1.0437,55,22,19,-15,2.2,2.2,3.7,1,0.75,0.25,1457.4,1122.5,452.8,0,0,0.031,969,31,0.79,3.88722,0.4,0.6,0.8,1,,14229,6668,6987,8421,,0,0,0.0006,0.079999998,0,118,0,0,0,0,0,2.8,64,0.13,0.32,0,0,b215,0,0,0,0,0,0,0,0,0,0,0,0,0,0,0,0,0,0,n,2060,2009,True,fsa,333,55,gas-ct_n_fsa,2039,35,p13
215_CT_5,215,5,U55,CT,gas-ct,NG,55,19,1.0437,55,22,19,-15,2.2,2.2,3.7,1,0.75,0.25,1457.4,1122.5,452.8,0,0,0.031,969,31,0.79,3.88722,0.4,0.6,0.8,1,,14229,6668,6987,8421,,0,0,0.0006,0.079999998,0,118,0,0,0,0,0,2.8,64,0.13,0.32,0,0,b215,0,0,0,0,0,0,0,0,0,0,0,0,0,0,0,0,0,0,n,2060,2009,True,fsa,333,55,gas-ct_n_fsa,2039,36,p13
215_HYDRO_1,215,1,U50,HYDRO,hydED,Hydro,50,16,1.0437,50,0,16,-10,0,0,50,0,0,0,0,0,0,0,0,0.01,1980,20,2,0,1,0,0,0,,,0,0,0,,0,0,0,0,0,0,0,0,0,0,0,3.5,53,0.1,0.28,0,0,b215,0,0,0,0,0,0,0,0,0,0,0,0,0,0,0,0,0,0,n,2060,2009,True,fsa,333,50,hydED_n_fsa,2039,82,p13
215_HYDRO_2,215,2,U50,HYDRO,hydED,Hydro,50,16,1.0437,50,0,16,-10,0,0,50,0,0,0,0,0,0,0,0,0.01,1980,20,2,0,1,0,0,0,,,0,0,0,,0,0,0,0,0,0,0,0,0,0,0,3.5,53,0.1,0.28,0,0,b215,0,0,0,0,0,0,0,0,0,0,0,0,0,0,0,0,0,0,n,2060,2009,True,fsa,333,50,hydED_n_fsa,2039,83,p13
215_HYDRO_3,215,3,U50,HYDRO,hydED,Hydro,50,16,1.0437,50,0,16,-10,0,0,50,0,0,0,0,0,0,0,0,0.01,1980,20,2,0,1,0,0,0,,,0,0,0,,0,0,0,0,0,0,0,0,0,0,0,3.5,53,0.1,0.28,0,0,b215,0,0,0,0,0,0,0,0,0,0,0,0,0,0,0,0,0,0,n,2060,2009,True,fsa,333,50,hydED_n_fsa,2039,84,p13
215_PV_1,215,1,PV,PV,upv,Solar,0,0,1,125.1,0,0,0,0,0,125.1,0,0,0,0,0,0,0,0,0,0,0,0,0,0,0,0,0,,,0,0,0,,0,0,0,0,0,0,0,0,0,0,0,0,125.1,0,0,0,0,b215,0,0,0,0,0,0,0,0,0,0,0,0,0,0,0,0,0,0,n,2060,2009,True,fsa,333,125.1,upv_n_fsa,2039,111,p13
216_STEAM_1,216,1,U155,STEAM,coalolduns,Coal,155,80,1.0473,155,62,80,-50,8,8,3,60,11,3,10778.1,7437.5,6892.1,0,0,0.04,960,40,4,2.11399,0.4,0.6,0.8,1,,10881,8786,10333,11191,,0,Unit-specific,Unit-specific,Unit-specific,Unit-specific,210,0.001,0.004,0.02,0.003,0,3,182,0.13,0.3,0,0,b216,0,0,0,0,0,0,0,0,0,0,0,0,0,0,0,0,0,0,n,2060,2009,True,fsa,333,155,coalolduns_n_fsa,2039,37,p13
218_CC_1,218,1,U355,CC,gas-cc,NG,355,60.3,1.05,355,170,150,-25,4.5,8,4.14,2,1,0.5,7215.1,4536.1,3196.6,0,0,0.033,967,33,1.07,3.88722,0.478873239,0.65258216,0.82629108,1,,11385,5388,5575,7658,,0,0,0.0006,0.079999998,0,118,0,0,0,0,0,5,414,0.13,0.3,0,0,b218,0,0,0,0,0,0,0,0,0,0,0,0,0,0,0,0,0,0,n,2060,2009,True,fsa,333,355,gas-cc_n_fsa,2039,38,p10
221_CC_1,221,1,U355,CC,gas-cc,NG,296.97,-7.52,1.05,355,170,150,-25,4.5,8,4.14,2,1,0.5,7215.1,4536.1,3196.6,0,0,0.033,967,33,1.07,3.88722,0.478873239,0.65258216,0.82629108,1,,6887,5950,6772,9293,,0,0,0.0006,0.079999998,0,118,0,0,0,0,0,5,414,0.13,0.3,0,0,b221,0,0,0,0,0,0,0,0,0,0,0,0,0,0,0,0,0,0,n,2060,2009,True,fsa,333,355,gas-cc_n_fsa,2039,39,p10
223_STEAM_1,223,1,U155,STEAM,coalolduns,Coal,155,-10.31,1.05,155,62,80,-50,8,8,3,60,11,3,10778.1,7437.5,6892.1,0,0,0.04,960,40,4,2.11399,0.4,0.6,0.8,1,,10857,9004,9314,9659,,0,Unit-specific,Unit-specific,Unit-specific,Unit-specific,210,0.001,0.004,0.02,0.003,0,3,182,0.13,0.3,0,0,b223,0,0,0,0,0,0,0,0,0,0,0,0,0,0,0,0,0,0,n,2060,2009,True,fsa,333,155,coalolduns_n_fsa,2039,40,p13
223_STEAM_2,223,2,U155,STEAM,coalolduns,Coal,155,-10.31,1.05,155,62,80,-50,8,8,3,60,11,3,10778.1,7437.5,6892.1,0,0,0.04,960,40,4,2.11399,0.4,0.6,0.8,1,,10857,9004,9314,9659,,0,Unit-specific,Unit-specific,Unit-specific,Unit-specific,210,0.001,0.004,0.02,0.003,0,3,182,0.13,0.3,0,0,b223,0,0,0,0,0,0,0,0,0,0,0,0,0,0,0,0,0,0,n,2060,2009,True,fsa,333,155,coalolduns_n_fsa,2039,41,p13
223_STEAM_3,223,3,U350,STEAM,coalolduns,Coal,350,20.59,1.05,350,140,150,-25,48,24,4,96,12,8,17384.1,10114.4,9768.2,0,0,0.08,1150,100,5,2.11399,0.4,0.6,0.8,1,,11229,8922,10913,11645,,0,Unit-specific,Unit-specific,Unit-specific,Unit-specific,210,0.001,0.004,0.02,0.003,0,3,412,0.13,0.3,0,0,b223,0,0,0,0,0,0,0,0,0,0,0,0,0,0,0,0,0,0,n,2060,2009,True,fsa,333,350,coalolduns_n_fsa,2039,42,p13
223_CT_4,223,4,U55,CT,gas-ct,NG,22,0.24,1.05,55,22,19,-15,2.2,2.2,3.7,1,0.75,0.25,1457.4,1122.5,452.8,0,0,0.031,969,31,0.79,3.88722,0.4,0.6,0.8,1,,19794,9595,10225,10676,,0,0,0.0006,0.079999998,0,118,0,0,0,0,0,2.8,64,0.13,0.32,0,0,b223,0,0,0,0,0,0,0,0,0,0,0,0,0,0,0,0,0,0,n,2060,2009,True,fsa,333,55,gas-ct_n_fsa,2039,43,p13
223_CT_5,223,5,U55,CT,gas-ct,NG,22,0.24,1.05,55,22,19,-15,2.2,2.2,3.7,1,0.75,0.25,1457.4,1122.5,452.8,0,0,0.031,969,31,0.79,3.88722,0.4,0.6,0.8,1,,19794,9595,10225,10676,,0,0,0.0006,0.079999998,0,118,0,0,0,0,0,2.8,64,0.13,0.32,0,0,b223,0,0,0,0,0,0,0,0,0,0,0,0,0,0,0,0,0,0,n,2060,2009,True,fsa,333,55,gas-ct_n_fsa,2039,44,p13
223_CT_6,223,6,U55,CT,gas-ct,NG,22,0.24,1.05,55,22,19,-15,2.2,2.2,3.7,1,0.75,0.25,1457.4,1122.5,452.8,0,0,0.031,969,31,0.79,3.88722,0.4,0.6,0.8,1,,19794,9595,10225,10676,,0,0,0.0006,0.079999998,0,118,0,0,0,0,0,2.8,64,0.13,0.32,0,0,b223,0,0,0,0,0,0,0,0,0,0,0,0,0,0,0,0,0,0,n,2060,2009,True,fsa,333,55,gas-ct_n_fsa,2039,45,p13
301_CT_1,301,1,U20,CT,o-g-s,Oil,8,7.95,1.05,20,8,10,0,1,1,3,1,0,0,5,5,5,0,0,0.1,450,50,2,10.3494,0.4,0.6,0.8,1,,14593,8431,9633,10181,,0,0.2,0.2,0.5,0.036,160,0.002,0.004,0.11,0.04,0,2.8,24,0.13,0.32,0,0,b301,0,0,0,0,0,0,0,0,0,0,0,0,0,0,0,0,0,0,n,2060,2009,True,fsa,342,20,o-g-s_n_fsa,2039,46,p10
301_CT_2,301,2,U20,CT,o-g-s,Oil,8,7.95,1.05,20,8,10,0,1,1,3,1,0,0,5,5,5,0,0,0.1,450,50,2,10.3494,0.4,0.6,0.8,1,,14593,8431,9633,10181,,0,0.2,0.2,0.5,0.036,160,0.002,0.004,0.11,0.04,0,2.8,24,0.13,0.32,0,0,b301,0,0,0,0,0,0,0,0,0,0,0,0,0,0,0,0,0,0,n,2060,2009,True,fsa,342,20,o-g-s_n_fsa,2039,47,p10
301_CT_3,301,3,U55,CT,gas-ct,NG,44,16.53,1.05,55,22,19,-15,2.2,2.2,3.7,1,0.75,0.25,1457.4,1122.5,452.8,0,0,0.031,969,31,0.79,3.88722,0.4,0.6,0.8,1,,13090,7324,7534,11253,,0,0,0.0006,0.079999998,0,118,0,0,0,0,0,2.8,64,0.13,0.32,0,0,b301,0,0,0,0,0,0,0,0,0,0,0,0,0,0,0,0,0,0,n,2060,2009,True,fsa,342,55,gas-ct_n_fsa,2039,48,p10
301_CT_4,301,4,U55,CT,gas-ct,NG,44,16.53,1.05,55,22,19,-15,2.2,2.2,3.7,1,0.75,0.25,1457.4,1122.5,452.8,0,0,0.031,969,31,0.79,3.88722,0.4,0.6,0.8,1,,13090,7324,7534,11253,,0,0,0.0006,0.079999998,0,118,0,0,0,0,0,2.8,64,0.13,0.32,0,0,b301,0,0,0,0,0,0,0,0,0,0,0,0,0,0,0,0,0,0,n,2060,2009,True,fsa,342,55,gas-ct_n_fsa,2039,49,p10
302_CT_1,302,1,U20,CT,o-g-s,Oil,8,6.16,1.05,20,8,10,0,1,1,3,1,0,0,5,5,5,0,0,0.1,450,50,2,10.3494,0.4,0.6,0.8,1,,14593,8431,9633,10181,,0,0.2,0.2,0.5,0.036,160,0.002,0.004,0.11,0.04,0,2.8,24,0.13,0.32,0,0,b302,0,0,0,0,0,0,0,0,0,0,0,0,0,0,0,0,0,0,n,2060,2009,True,fsa,342,20,o-g-s_n_fsa,2039,50,p10
302_CT_2,302,2,U20,CT,o-g-s,Oil,8,6.16,1.05,20,8,10,0,1,1,3,1,0,0,5,5,5,0,0,0.1,450,50,2,10.3494,0.4,0.6,0.8,1,,14593,8431,9633,10181,,0,0.2,0.2,0.5,0.036,160,0.002,0.004,0.11,0.04,0,2.8,24,0.13,0.32,0,0,b302,0,0,0,0,0,0,0,0,0,0,0,0,0,0,0,0,0,0,n,2060,2009,True,fsa,342,20,o-g-s_n_fsa,2039,51,p10
302_CT_3,302,3,U55,CT,gas-ct,NG,55,10.99,1.05,55,22,19,-15,2.2,2.2,3.7,1,0.75,0.25,1457.4,1122.5,452.8,0,0,0.031,969,31,0.79,3.88722,0.4,0.6,0.8,1,,15395,8693,9874,9939,,0,0,0.0006,0.079999998,0,118,0,0,0,0,0,2.8,64,0.13,0.32,0,0,b302,0,0,0,0,0,0,0,0,0,0,0,0,0,0,0,0,0,0,n,2060,2009,True,fsa,342,55,gas-ct_n_fsa,2039,52,p10
302_CT_4,302,4,U55,CT,gas-ct,NG,55,10.99,1.05,55,22,19,-15,2.2,2.2,3.7,1,0.75,0.25,1457.4,1122.5,452.8,0,0,0.031,969,31,0.79,3.88722,0.4,0.6,0.8,1,,15395,8693,9874,9939,,0,0,0.0006,0.079999998,0,118,0,0,0,0,0,2.8,64,0.13,0.32,0,0,b302,0,0,0,0,0,0,0,0,0,0,0,0,0,0,0,0,0,0,n,2060,2009,True,fsa,342,55,gas-ct_n_fsa,2039,53,p10
307_CT_1,307,1,U55,CT,gas-ct,NG,55,19,0.9568,55,22,19,-15,2.2,2.2,3.7,1,0.75,0.25,1457.4,1122.5,452.8,0,0,0.031,969,31,0.79,3.88722,0.4,0.6,0.8,1,,13353,7176,7517,9126,,0,0,0.0006,0.079999998,0,118,0,0,0,0,0,2.8,64,0.13,0.32,0,0,b307,0,0,0,0,0,0,0,0,0,0,0,0,0,0,0,0,0,0,n,2060,2009,True,fsa,342,55,gas-ct_n_fsa,2039,54,p10
307_CT_2,307,2,U55,CT,gas-ct,NG,55,19,0.9568,55,22,19,-15,2.2,2.2,3.7,1,0.75,0.25,1457.4,1122.5,452.8,0,0,0.031,969,31,0.79,3.88722,0.4,0.6,0.8,1,,13353,7176,7517,9126,,0,0,0.0006,0.079999998,0,118,0,0,0,0,0,2.8,64,0.13,0.32,0,0,b307,0,0,0,0,0,0,0,0,0,0,0,0,0,0,0,0,0,0,n,2060,2009,True,fsa,342,55,gas-ct_n_fsa,2039,55,p10
313_CC_1,313,1,U355,CC,gas-cc,NG,355,150,1.035,355,170,150,-25,4.5,8,4.14,2,1,0.5,7215.1,4536.1,3196.6,0,0,0.033,967,33,1.07,3.88722,0.478873239,0.65258216,0.82629108,1,,7934,4047,6883,8683,,0,0,0.0006,0.079999998,0,118,0,0,0,0,0,5,414,0.13,0.3,0,0,b313,0,0,0,0,0,0,0,0,0,0,0,0,0,0,0,0,0,0,n,2060,2009,True,fsa,342,355,gas-cc_n_fsa,2039,56,p10
313_PV_1,313,1,PV,PV,upv,Solar,0,0,1,95.1,0,0,0,0,0,95.1,0,0,0,0,0,0,0,0,0,0,0,0,0,0,0,0,0,,,0,0,0,,0,0,0,0,0,0,0,0,0,0,0,0,95.1,0,0,0,0,b313,0,0,0,0,0,0,0,0,0,0,0,0,0,0,0,0,0,0,n,2060,2009,True,fsa,342,95.1,upv_n_fsa,2039,99,p10
313_PV_2,313,2,PV,PV,upv,Solar,0,0,1,93.3,0,0,0,0,0,93.3,0,0,0,0,0,0,0,0,0,0,0,0,0,0,0,0,0,,,0,0,0,,0,0,0,0,0,0,0,0,0,0,0,0,93.3,0,0,0,0,b313,0,0,0,0,0,0,0,0,0,0,0,0,0,0,0,0,0,0,n,2060,2009,True,fsa,342,93.3,upv_n_fsa,2039,102,p10
313_RTPV_1,313,1,RTPV,RTPV,distpv,Solar,0,0,1,101.7,0,0,0,0,0,101.7,0,0,0,0,0,0,0,0,0,0,0,0,0,0,0,0,0,,,0,0,0,,0,0,0,0,0,0,0,0,0,0,0,0,101.7,0,0,0,0,b313,0,0,0,0,0,0,0,0,0,0,0,0,0,0,0,0,0,0,n,2060,2009,True,fsa,342,101.7,distpv_n_fsa,2039,123,p10
313_RTPV_2,313,2,RTPV,RTPV,distpv,Solar,0,0,1,63.1,0,0,0,0,0,63.1,0,0,0,0,0,0,0,0,0,0,0,0,0,0,0,0,0,,,0,0,0,,0,0,0,0,0,0,0,0,0,0,0,0,63.1,0,0,0,0,b313,0,0,0,0,0,0,0,0,0,0,0,0,0,0,0,0,0,0,n,2060,2009,True,fsa,342,63.1,distpv_n_fsa,2039,124,p10
313_RTPV_3,313,3,RTPV,RTPV,distpv,Solar,0,0,1,65.4,0,0,0,0,0,65.4,0,0,0,0,0,0,0,0,0,0,0,0,0,0,0,0,0,,,0,0,0,,0,0,0,0,0,0,0,0,0,0,0,0,65.4,0,0,0,0,b313,0,0,0,0,0,0,0,0,0,0,0,0,0,0,0,0,0,0,n,2060,2009,True,fsa,342,65.4,distpv_n_fsa,2039,125,p10
313_RTPV_4,313,4,RTPV,RTPV,distpv,Solar,0,0,1,67,0,0,0,0,0,67,0,0,0,0,0,0,0,0,0,0,0,0,0,0,0,0,0,,,0,0,0,,0,0,0,0,0,0,0,0,0,0,0,0,67,0,0,0,0,b313,0,0,0,0,0,0,0,0,0,0,0,0,0,0,0,0,0,0,n,2060,2009,True,fsa,342,67,distpv_n_fsa,2039,126,p10
313_RTPV_5,313,5,RTPV,RTPV,distpv,Solar,0,0,1,64.8,0,0,0,0,0,64.8,0,0,0,0,0,0,0,0,0,0,0,0,0,0,0,0,0,,,0,0,0,,0,0,0,0,0,0,0,0,0,0,0,0,64.8,0,0,0,0,b313,0,0,0,0,0,0,0,0,0,0,0,0,0,0,0,0,0,0,n,2060,2009,True,fsa,342,64.8,distpv_n_fsa,2039,127,p10
313_RTPV_6,313,6,RTPV,RTPV,distpv,Solar,0,0,1,63.8,0,0,0,0,0,63.8,0,0,0,0,0,0,0,0,0,0,0,0,0,0,0,0,0,,,0,0,0,,0,0,0,0,0,0,0,0,0,0,0,0,63.8,0,0,0,0,b313,0,0,0,0,0,0,0,0,0,0,0,0,0,0,0,0,0,0,n,2060,2009,True,fsa,342,63.8,distpv_n_fsa,2039,128,p10
313_RTPV_7,313,7,RTPV,RTPV,distpv,Solar,0,0,1,64.1,0,0,0,0,0,64.1,0,0,0,0,0,0,0,0,0,0,0,0,0,0,0,0,0,,,0,0,0,,0,0,0,0,0,0,0,0,0,0,0,0,64.1,0,0,0,0,b313,0,0,0,0,0,0,0,0,0,0,0,0,0,0,0,0,0,0,n,2060,2009,True,fsa,342,64.1,distpv_n_fsa,2039,129,p10
313_RTPV_8,313,8,RTPV,RTPV,distpv,Solar,0,0,1,66.6,0,0,0,0,0,66.6,0,0,0,0,0,0,0,0,0,0,0,0,0,0,0,0,0,,,0,0,0,,0,0,0,0,0,0,0,0,0,0,0,0,66.6,0,0,0,0,b313,0,0,0,0,0,0,0,0,0,0,0,0,0,0,0,0,0,0,n,2060,2009,True,fsa,342,66.6,distpv_n_fsa,2039,130,p10
313_RTPV_9,313,9,RTPV,RTPV,distpv,Solar,0,0,1,62.4,0,0,0,0,0,62.4,0,0,0,0,0,0,0,0,0,0,0,0,0,0,0,0,0,,,0,0,0,,0,0,0,0,0,0,0,0,0,0,0,0,62.4,0,0,0,0,b313,0,0,0,0,0,0,0,0,0,0,0,0,0,0,0,0,0,0,n,2060,2009,True,fsa,342,62.4,distpv_n_fsa,2039,131,p10
313_RTPV_10,313,10,RTPV,RTPV,distpv,Solar,0,0,1,66.9,0,0,0,0,0,66.9,0,0,0,0,0,0,0,0,0,0,0,0,0,0,0,0,0,,,0,0,0,,0,0,0,0,0,0,0,0,0,0,0,0,66.9,0,0,0,0,b313,0,0,0,0,0,0,0,0,0,0,0,0,0,0,0,0,0,0,n,2060,2009,True,fsa,342,66.9,distpv_n_fsa,2039,132,p10
313_RTPV_11,313,11,RTPV,RTPV,distpv,Solar,0,0,1,65.2,0,0,0,0,0,65.2,0,0,0,0,0,0,0,0,0,0,0,0,0,0,0,0,0,,,0,0,0,,0,0,0,0,0,0,0,0,0,0,0,0,65.2,0,0,0,0,b313,0,0,0,0,0,0,0,0,0,0,0,0,0,0,0,0,0,0,n,2060,2009,True,fsa,342,65.2,distpv_n_fsa,2039,133,p10
313_RTPV_12,313,12,RTPV,RTPV,distpv,Solar,0,0,1,27.8,0,0,0,0,0,27.8,0,0,0,0,0,0,0,0,0,0,0,0,0,0,0,0,0,,,0,0,0,,0,0,0,0,0,0,0,0,0,0,0,0,27.8,0,0,0,0,b313,0,0,0,0,0,0,0,0,0,0,0,0,0,0,0,0,0,0,n,2060,2009,True,fsa,342,27.8,distpv_n_fsa,2039,134,p10
313_RTPV_13,313,13,RTPV,RTPV,distpv,Solar,0,0,1,27.2,0,0,0,0,0,27.2,0,0,0,0,0,0,0,0,0,0,0,0,0,0,0,0,0,,,0,0,0,,0,0,0,0,0,0,0,0,0,0,0,0,27.2,0,0,0,0,b313,0,0,0,0,0,0,0,0,0,0,0,0,0,0,0,0,0,0,n,2060,2009,True,fsa,342,27.2,distpv_n_fsa,2039,138,p10
313_STORAGE_1,313,1,STORAGE,STORAGE,battery_4,Storage,0,0,1,50,0,0,0,0,0,50,0,0,0,0,0,0,0,0,0,0,0,0,0,0,0,0,0,,,0,0,0,,0,0,0,0,0,0,0,0,0,0,0,0,50,0,0,50,85,b313,0,0,0,0,0,0,0,0,0,0,0,0,0,0,0,0,0,0,n,2060,2012,True,fsa,342,50,battery_4_n_fsa,2042,157,p10
315_STEAM_1,315,1,U12,STEAM,o-g-s,Oil,5,6,1.0422,12,5,6,0,2,4,1,12,4,2,68,44,38,0,0,0.02,2940,60,2,10.3494,0.416666667,0.611111111,0.805555556,1,,14410,7289,9701,11991,,0,Unit-Specific,Unit-specific,0.5,0.1,170,0.002,0.004,0.04,0.007,0,2.8,14,0.13,0.32,0,0,b315,0,0,0,0,0,0,0,0,0,0,0,0,0,0,0,0,0,0,n,2060,2009,True,fsa,342,12,o-g-s_n_fsa,2039,57,p10
315_STEAM_2,315,2,U12,STEAM,o-g-s,Oil,5,6,1.0422,12,5,6,0,2,4,1,12,4,2,68,44,38,0,0,0.02,2940,60,2,10.3494,0.416666667,0.611111111,0.805555556,1,,14410,7289,9701,11991,,0,Unit-Specific,Unit-specific,0.5,0.1,170,0.002,0.004,0.04,0.007,0,2.8,14,0.13,0.32,0,0,b315,0,0,0,0,0,0,0,0,0,0,0,0,0,0,0,0,0,0,n,2060,2009,True,fsa,342,12,o-g-s_n_fsa,2039,58,p10
315_STEAM_3,315,3,U12,STEAM,o-g-s,Oil,5,6,1.0422,12,5,6,0,2,4,1,12,4,2,68,44,38,0,0,0.02,2940,60,2,10.3494,0.416666667,0.611111111,0.805555556,1,,14410,7289,9701,11991,,0,Unit-Specific,Unit-specific,0.5,0.1,170,0.002,0.004,0.04,0.007,0,2.8,14,0.13,0.32,0,0,b315,0,0,0,0,0,0,0,0,0,0,0,0,0,0,0,0,0,0,n,2060,2009,True,fsa,342,12,o-g-s_n_fsa,2039,59,p10
315_STEAM_4,315,4,U12,STEAM,o-g-s,Oil,5,6,1.0422,12,5,6,0,2,4,1,12,4,2,68,44,38,0,0,0.02,2940,60,2,10.3494,0.416666667,0.611111111,0.805555556,1,,14410,7289,9701,11991,,0,Unit-Specific,Unit-specific,0.5,0.1,170,0.002,0.004,0.04,0.007,0,2.8,14,0.13,0.32,0,0,b315,0,0,0,0,0,0,0,0,0,0,0,0,0,0,0,0,0,0,n,2060,2009,True,fsa,342,12,o-g-s_n_fsa,2039,60,p10
315_STEAM_5,315,5,U12,STEAM,o-g-s,Oil,5,6,1.0422,12,5,6,0,2,4,1,12,4,2,68,44,38,0,0,0.02,2940,60,2,10.3494,0.416666667,0.611111111,0.805555556,1,,14410,7289,9701,11991,,0,Unit-Specific,Unit-specific,0.5,0.1,170,0.002,0.004,0.04,0.007,0,2.8,14,0.13,0.32,0,0,b315,0,0,0,0,0,0,0,0,0,0,0,0,0,0,0,0,0,0,n,2060,2009,True,fsa,342,12,o-g-s_n_fsa,2039,61,p10
315_CT_6,315,6,U55,CT,gas-ct,NG,55,19,1.0422,55,22,19,-15,2.2,2.2,3.7,1,0.75,0.25,1457.4,1122.5,452.8,0,0,0.031,969,31,0.79,3.88722,0.4,0.6,0.8,1,,10342,6792,6919,8195,,0,0,0.0006,0.079999998,0,118,0,0,0,0,0,2.8,64,0.13,0.32,0,0,b315,0,0,0,0,0,0,0,0,0,0,0,0,0,0,0,0,0,0,n,2060,2009,True,fsa,342,55,gas-ct_n_fsa,2039,62,p10
315_CT_7,315,7,U55,CT,gas-ct,NG,55,19,1.0422,55,22,19,-15,2.2,2.2,3.7,1,0.75,0.25,1457.4,1122.5,452.8,0,0,0.031,969,31,0.79,3.88722,0.4,0.6,0.8,1,,10342,6792,6919,8195,,0,0,0.0006,0.079999998,0,118,0,0,0,0,0,2.8,64,0.13,0.32,0,0,b315,0,0,0,0,0,0,0,0,0,0,0,0,0,0,0,0,0,0,n,2060,2009,True,fsa,342,55,gas-ct_n_fsa,2039,63,p10
315_CT_8,315,8,U55,CT,gas-ct,NG,55,60,1.0422,55,22,60,0,2.2,2.2,3.7,1,0.75,0.25,1457.4,1122.5,452.8,0,0,0.031,969,31,0.79,3.88722,0.4,0.6,0.8,1,,10342,6792,6919,8195,,0,0,0.0006,0.079999998,0,118,0,0,0,0,0,2.8,64,0.13,0.32,0,0,b315,0,0,0,0,0,0,0,0,0,0,0,0,0,0,0,0,0,0,n,2060,2009,True,fsa,342,55,gas-ct_n_fsa,2039,64,p10
316_STEAM_1,316,1,U155,STEAM,coalolduns,Coal,155,80,1.0449,155,62,80,-50,8,8,3,60,11,3,10778.1,7437.5,6892.1,0,0,0.04,960,40,4,2.11399,0.4,0.6,0.8,1,,11846,9989,10070,12902,,0,Unit-specific,Unit-specific,Unit-specific,Unit-specific,210,0.001,0.004,0.02,0.003,0,3,182,0.13,0.3,0,0,b316,0,0,0,0,0,0,0,0,0,0,0,0,0,0,0,0,0,0,n,2060,2009,True,fsa,342,155,coalolduns_n_fsa,2039,65,p10
318_CC_1,318,1,U355,CC,gas-cc,NG,355,63.12,1.05,355,170,150,-25,4.5,8,4.14,2,1,0.5,7215.1,4536.1,3196.6,0,0,0.033,967,33,1.07,3.88722,0.478873239,0.65258216,0.82629108,1,,7952,6906,7017,8111,,0,0,0.0006,0.079999998,0,118,0,0,0,0,0,5,414,0.13,0.3,0,0,b318,0,0,0,0,0,0,0,0,0,0,0,0,0,0,0,0,0,0,n,2060,2009,True,fsa,342,355,gas-cc_n_fsa,2039,66,p10
321_CC_1,321,1,U355,CC,gas-cc,NG,355,-3.34,1.05,355,170,150,-25,4.5,8,4.14,2,1,0.5,7215.1,4536.1,3196.6,0,0,0.033,967,33,1.07,3.88722,0.478873239,0.65258216,0.82629108,1,,7227,5848,6665,8733,,0,0,0.0006,0.079999998,0,118,0,0,0,0,0,5,414,0.13,0.3,0,0,b321,0,0,0,0,0,0,0,0,0,0,0,0,0,0,0,0,0,0,n,2060,2009,True,fsa,342,355,gas-cc_n_fsa,2039,67,p10
322_CT_5,322,5,U55,CT,gas-ct,NG,55,-9.73,1.05,55,22,19,-15,2.2,2.2,3.7,1,0.75,0.25,1457.4,1122.5,452.8,0,0,0.031,969,31,0.79,3.88722,0.4,0.6,0.8,1,,12064,6003,6817,7176,,0,0,0.0006,0.079999998,0,118,0,0,0,0,0,2.8,64,0.13,0.32,0,0,b322,0,0,0,0,0,0,0,0,0,0,0,0,0,0,0,0,0,0,n,2060,2009,True,fsa,342,55,gas-ct_n_fsa,2039,68,p10
322_CT_6,322,6,U55,CT,gas-ct,NG,55,-9.73,1.05,55,22,19,-15,2.2,2.2,3.7,1,0.75,0.25,1457.4,1122.5,452.8,0,0,0.031,969,31,0.79,3.88722,0.4,0.6,0.8,1,,12064,6003,6817,7176,,0,0,0.0006,0.079999998,0,118,0,0,0,0,0,2.8,64,0.13,0.32,0,0,b322,0,0,0,0,0,0,0,0,0,0,0,0,0,0,0,0,0,0,n,2060,2009,True,fsa,342,55,gas-ct_n_fsa,2039,69,p10
322_HYDRO_1,322,1,U50,HYDRO,hydED,Hydro,50,-5.13,1.05,50,0,16,-10,0,0,50,0,0,0,0,0,0,0,0,0.01,1980,20,2,0,1,0,0,0,,,0,0,0,,0,0,0,0,0,0,0,0,0,0,0,3.5,53,0.1,0.28,0,0,b322,0,0,0,0,0,0,0,0,0,0,0,0,0,0,0,0,0,0,n,2060,2009,True,fsa,342,50,hydED_n_fsa,2039,92,p10
322_HYDRO_2,322,2,U50,HYDRO,hydED,Hydro,50,-5.13,1.05,50,0,16,-10,0,0,50,0,0,0,0,0,0,0,0,0.01,1980,20,2,0,1,0,0,0,,,0,0,0,,0,0,0,0,0,0,0,0,0,0,0,3.5,53,0.1,0.28,0,0,b322,0,0,0,0,0,0,0,0,0,0,0,0,0,0,0,0,0,0,n,2060,2009,True,fsa,342,50,hydED_n_fsa,2039,93,p10
322_HYDRO_3,322,3,U50,HYDRO,hydED,Hydro,50,-5.13,1.05,50,0,16,-10,0,0,50,0,0,0,0,0,0,0,0,0.01,1980,20,2,0,1,0,0,0,,,0,0,0,,0,0,0,0,0,0,0,0,0,0,0,3.5,53,0.1,0.28,0,0,b322,0,0,0,0,0,0,0,0,0,0,0,0,0,0,0,0,0,0,n,2060,2009,True,fsa,342,50,hydED_n_fsa,2039,94,p10
322_HYDRO_4,322,4,U50,HYDRO,hydED,Hydro,50,-5.13,1.05,50,0,16,-10,0,0,50,0,0,0,0,0,0,0,0,0.01,1980,20,2,0,1,0,0,0,,,0,0,0,,0,0,0,0,0,0,0,0,0,0,0,3.5,53,0.1,0.28,0,0,b322,0,0,0,0,0,0,0,0,0,0,0,0,0,0,0,0,0,0,n,2060,2009,True,fsa,342,50,hydED_n_fsa,2039,95,p10
323_CC_1,323,1,U355,CC,gas-cc,NG,355,37.41,1.05,355,170,150,-25,4.5,8,4.14,2,1,0.5,7215.1,4536.1,3196.6,0,0,0.033,967,33,1.07,3.88722,0.478873239,0.65258216,0.82629108,1,,7381,6799,7789,8162,,0,0,0.0006,0.079999998,0,118,0,0,0,0,0,5,414,0.13,0.3,0,0,b323,0,0,0,0,0,0,0,0,0,0,0,0,0,0,0,0,0,0,n,2060,2009,True,fsa,342,355,gas-cc_n_fsa,2039,70,p10
323_CC_2,323,2,U355,CC,gas-cc,NG,355,37.41,1.05,355,170,150,-25,4.5,8,4.14,2,1,0.5,7215.1,4536.1,3196.6,0,0,0.033,967,33,1.07,3.88722,0.478873239,0.65258216,0.82629108,1,,7381,6799,7789,8162,,0,0,0.0006,0.079999998,0,118,0,0,0,0,0,5,414,0.13,0.3,0,0,b323,0,0,0,0,0,0,0,0,0,0,0,0,0,0,0,0,0,0,n,2060,2009,True,fsa,342,355,gas-cc_n_fsa,2039,71,p10
121_NUCLEAR_1,121,1,U400,NUCLEAR,nuclear,Nuclear,400,-21.87,1.05,400,396,200,-50,48,24,20,9999,9999,9999,78978,0,9999,0,0,0.12,1100,150,6,0.81035,0.99,0.993333333,0.996666667,1,,10000,0,0,0,,0,0,0,0,0,0,0,0,0,0,0,5,471,0.15,0.4,0,0,b121,0,0,0,0,0,0,0,0,0,0,0,0,0,0,0,0,0,0,n,2060,2012,True,fsa,328,400,nuclear_n_fsa,2042,73,p10
122_HYDRO_1,122,1,U50,HYDRO,hydED,Hydro,50,-6.79,1.05,50,0,16,-10,0,0,50,0,0,0,0,0,0,0,0,0.01,1980,20,2,0,1,0,0,0,,,0,0,0,,0,0,0,0,0,0,0,0,0,0,0,3.5,53,0.1,0.28,0,0,b122,0,0,0,0,0,0,0,0,0,0,0,0,0,0,0,0,0,0,n,2060,2012,True,fsa,328,50,hydED_n_fsa,2042,74,p11
122_HYDRO_2,122,2,U50,HYDRO,hydED,Hydro,50,-6.79,1.05,50,0,16,-10,0,0,50,0,0,0,0,0,0,0,0,0.01,1980,20,2,0,1,0,0,0,,,0,0,0,,0,0,0,0,0,0,0,0,0,0,0,3.5,53,0.1,0.28,0,0,b122,0,0,0,0,0,0,0,0,0,0,0,0,0,0,0,0,0,0,n,2060,2009,True,fsa,328,50,hydED_n_fsa,2039,75,p11
122_HYDRO_3,122,3,U50,HYDRO,hydED,Hydro,50,-6.79,1.05,50,0,16,-10,0,0,50,0,0,0,0,0,0,0,0,0.01,1980,20,2,0,1,0,0,0,,,0,0,0,,0,0,0,0,0,0,0,0,0,0,0,3.5,53,0.1,0.28,0,0,b122,0,0,0,0,0,0,0,0,0,0,0,0,0,0,0,0,0,0,n,2060,2009,True,fsa,328,50,hydED_n_fsa,2039,76,p11
122_HYDRO_4,122,4,U50,HYDRO,hydED,Hydro,50,-6.79,1.05,50,0,16,-10,0,0,50,0,0,0,0,0,0,0,0,0.01,1980,20,2,0,1,0,0,0,,,0,0,0,,0,0,0,0,0,0,0,0,0,0,0,3.5,53,0.1,0.28,0,0,b122,0,0,0,0,0,0,0,0,0,0,0,0,0,0,0,0,0,0,n,2060,2009,True,fsa,328,50,hydED_n_fsa,2039,77,p11
122_HYDRO_5,122,5,U50,HYDRO,hydED,Hydro,50,-6.79,1.05,50,0,16,-10,0,0,50,0,0,0,0,0,0,0,0,0.01,1980,20,2,0,1,0,0,0,,,0,0,0,,0,0,0,0,0,0,0,0,0,0,0,3.5,53,0.1,0.28,0,0,b122,0,0,0,0,0,0,0,0,0,0,0,0,0,0,0,0,0,0,n,2060,2009,True,fsa,328,50,hydED_n_fsa,2039,78,p11
122_HYDRO_6,122,6,U50,HYDRO,hydED,Hydro,50,-6.79,1.05,50,0,16,-10,0,0,50,0,0,0,0,0,0,0,0,0.01,1980,20,2,0,1,0,0,0,,,0,0,0,,0,0,0,0,0,0,0,0,0,0,0,3.5,53,0.1,0.28,0,0,b122,0,0,0,0,0,0,0,0,0,0,0,0,0,0,0,0,0,0,n,2060,2009,True,fsa,328,50,hydED_n_fsa,2039,79,p11
122_WIND_1,122,1,WIND,WIND,wind-ons,Wind,0,0,1,713.5,0,0,0,0,0,713.5,0,0,0,0,0,0,0,0,0,0,0,0,0,0,0,0,0,,,0,0,0,,0,0,0,0,0,0,0,0,0,0,0,0,713.5,0,0,0,0,b122,0,0,0,0,0,0,0,0,0,0,0,0,0,0,0,0,0,0,n,2060,2009,True,fsa,328,713.5,wind-ons_n_fsa,2039,156,p11
222_HYDRO_1,222,1,U50,HYDRO,hydED,Hydro,50,-6.97,1.05,50,0,16,-10,0,0,50,0,0,0,0,0,0,0,0,0.01,1980,20,2,0,1,0,0,0,,,0,0,0,,0,0,0,0,0,0,0,0,0,0,0,3.5,53,0.1,0.28,0,0,b222,0,0,0,0,0,0,0,0,0,0,0,0,0,0,0,0,0,0,n,2060,2009,True,fsa,333,50,hydED_n_fsa,2039,85,p13
222_HYDRO_2,222,2,U50,HYDRO,hydED,Hydro,50,-6.97,1.05,50,0,16,-10,0,0,50,0,0,0,0,0,0,0,0,0.01,1980,20,2,0,1,0,0,0,,,0,0,0,,0,0,0,0,0,0,0,0,0,0,0,3.5,53,0.1,0.28,0,0,b222,0,0,0,0,0,0,0,0,0,0,0,0,0,0,0,0,0,0,n,2060,2009,True,fsa,333,50,hydED_n_fsa,2039,86,p13
222_HYDRO_3,222,3,U50,HYDRO,hydED,Hydro,50,-6.97,1.05,50,0,16,-10,0,0,50,0,0,0,0,0,0,0,0,0.01,1980,20,2,0,1,0,0,0,,,0,0,0,,0,0,0,0,0,0,0,0,0,0,0,3.5,53,0.1,0.28,0,0,b222,0,0,0,0,0,0,0,0,0,0,0,0,0,0,0,0,0,0,n,2060,2009,True,fsa,333,50,hydED_n_fsa,2039,87,p13
222_HYDRO_4,222,4,U50,HYDRO,hydED,Hydro,50,-6.97,1.05,50,0,16,-10,0,0,50,0,0,0,0,0,0,0,0,0.01,1980,20,2,0,1,0,0,0,,,0,0,0,,0,0,0,0,0,0,0,0,0,0,0,3.5,53,0.1,0.28,0,0,b222,0,0,0,0,0,0,0,0,0,0,0,0,0,0,0,0,0,0,n,2060,2009,True,fsa,333,50,hydED_n_fsa,2039,88,p13
222_HYDRO_5,222,5,U50,HYDRO,hydED,Hydro,50,-6.97,1.05,50,0,16,-10,0,0,50,0,0,0,0,0,0,0,0,0.01,1980,20,2,0,1,0,0,0,,,0,0,0,,0,0,0,0,0,0,0,0,0,0,0,3.5,53,0.1,0.28,0,0,b222,0,0,0,0,0,0,0,0,0,0,0,0,0,0,0,0,0,0,n,2060,2009,True,fsa,333,50,hydED_n_fsa,2039,89,p13
222_HYDRO_6,222,6,U50,HYDRO,hydED,Hydro,50,-6.97,1.05,50,0,16,-10,0,0,50,0,0,0,0,0,0,0,0,0.01,1980,20,2,0,1,0,0,0,,,0,0,0,,0,0,0,0,0,0,0,0,0,0,0,3.5,53,0.1,0.28,0,0,b222,0,0,0,0,0,0,0,0,0,0,0,0,0,0,0,0,0,0,n,2060,2009,True,fsa,333,50,hydED_n_fsa,2039,90,p13
320_PV_1,320,1,PV,PV,upv,Solar,0,0,1,51.6,0,0,0,0,0,51.6,0,0,0,0,0,0,0,0,0,0,0,0,0,0,0,0,0,,,0,0,0,,0,0,0,0,0,0,0,0,0,0,0,0,51.6,0,0,0,0,b320,0,0,0,0,0,0,0,0,0,0,0,0,0,0,0,0,0,0,n,2060,2012,True,fsa,342,51.6,upv_n_fsa,2042,96,p10
320_RTPV_1,320,1,RTPV,RTPV,distpv,Solar,0,0,1,27.3,0,0,0,0,0,27.3,0,0,0,0,0,0,0,0,0,0,0,0,0,0,0,0,0,,,0,0,0,,0,0,0,0,0,0,0,0,0,0,0,0,27.3,0,0,0,0,b320,0,0,0,0,0,0,0,0,0,0,0,0,0,0,0,0,0,0,n,2060,2009,True,fsa,342,27.3,distpv_n_fsa,2039,135,p10
320_RTPV_2,320,2,RTPV,RTPV,distpv,Solar,0,0,1,27,0,0,0,0,0,27,0,0,0,0,0,0,0,0,0,0,0,0,0,0,0,0,0,,,0,0,0,,0,0,0,0,0,0,0,0,0,0,0,0,27,0,0,0,0,b320,0,0,0,0,0,0,0,0,0,0,0,0,0,0,0,0,0,0,n,2060,2009,True,fsa,342,27,distpv_n_fsa,2039,136,p10
320_RTPV_3,320,3,RTPV,RTPV,distpv,Solar,0,0,1,28.3,0,0,0,0,0,28.3,0,0,0,0,0,0,0,0,0,0,0,0,0,0,0,0,0,,,0,0,0,,0,0,0,0,0,0,0,0,0,0,0,0,28.3,0,0,0,0,b320,0,0,0,0,0,0,0,0,0,0,0,0,0,0,0,0,0,0,n,2060,2009,True,fsa,342,28.3,distpv_n_fsa,2039,137,p10
320_RTPV_4,320,4,RTPV,RTPV,distpv,Solar,0,0,1,27,0,0,0,0,0,27,0,0,0,0,0,0,0,0,0,0,0,0,0,0,0,0,0,,,0,0,0,,0,0,0,0,0,0,0,0,0,0,0,0,27,0,0,0,0,b320,0,0,0,0,0,0,0,0,0,0,0,0,0,0,0,0,0,0,n,2060,2009,True,fsa,342,27,distpv_n_fsa,2039,139,p10
320_RTPV_5,320,5,RTPV,RTPV,distpv,Solar,0,0,1,28.2,0,0,0,0,0,28.2,0,0,0,0,0,0,0,0,0,0,0,0,0,0,0,0,0,,,0,0,0,,0,0,0,0,0,0,0,0,0,0,0,0,28.2,0,0,0,0,b320,0,0,0,0,0,0,0,0,0,0,0,0,0,0,0,0,0,0,n,2060,2009,True,fsa,342,28.2,distpv_n_fsa,2039,140,p10
320_RTPV_6,320,6,RTPV,RTPV,distpv,Solar,0,0,1,9.4,0,0,0,0,0,9.4,0,0,0,0,0,0,0,0,0,0,0,0,0,0,0,0,0,,,0,0,0,,0,0,0,0,0,0,0,0,0,0,0,0,9.4,0,0,0,0,b320,0,0,0,0,0,0,0,0,0,0,0,0,0,0,0,0,0,0,n,2060,2009,True,fsa,342,9.4,distpv_n_fsa,2039,147,p10
314_PV_1,314,1,PV,PV,upv,Solar,0,0,1,51.6,0,0,0,0,0,51.6,0,0,0,0,0,0,0,0,0,0,0,0,0,0,0,0,0,,,0,0,0,,0,0,0,0,0,0,0,0,0,0,0,0,51.6,0,0,0,0,b314,0,0,0,0,0,0,0,0,0,0,0,0,0,0,0,0,0,0,n,2060,2009,True,fsa,342,51.6,upv_n_fsa,2039,97,p10
314_PV_2,314,2,PV,PV,upv,Solar,0,0,1,51.6,0,0,0,0,0,51.6,0,0,0,0,0,0,0,0,0,0,0,0,0,0,0,0,0,,,0,0,0,,0,0,0,0,0,0,0,0,0,0,0,0,51.6,0,0,0,0,b314,0,0,0,0,0,0,0,0,0,0,0,0,0,0,0,0,0,0,n,2060,2009,True,fsa,342,51.6,upv_n_fsa,2039,98,p10
314_PV_3,314,3,PV,PV,upv,Solar,0,0,1,92.7,0,0,0,0,0,92.7,0,0,0,0,0,0,0,0,0,0,0,0,0,0,0,0,0,,,0,0,0,,0,0,0,0,0,0,0,0,0,0,0,0,92.7,0,0,0,0,b314,0,0,0,0,0,0,0,0,0,0,0,0,0,0,0,0,0,0,n,2060,2009,True,fsa,342,92.7,upv_n_fsa,2039,100,p10
314_PV_4,314,4,PV,PV,upv,Solar,0,0,1,51.6,0,0,0,0,0,51.6,0,0,0,0,0,0,0,0,0,0,0,0,0,0,0,0,0,,,0,0,0,,0,0,0,0,0,0,0,0,0,0,0,0,51.6,0,0,0,0,b314,0,0,0,0,0,0,0,0,0,0,0,0,0,0,0,0,0,0,n,2060,2009,True,fsa,342,51.6,upv_n_fsa,2039,101,p10
310_PV_1,310,1,PV,PV,upv,Solar,0,0,1,51.7,0,0,0,0,0,51.7,0,0,0,0,0,0,0,0,0,0,0,0,0,0,0,0,0,,,0,0,0,,0,0,0,0,0,0,0,0,0,0,0,0,51.7,0,0,0,0,b310,0,0,0,0,0,0,0,0,0,0,0,0,0,0,0,0,0,0,n,2060,2009,True,fsa,342,51.7,upv_n_fsa,2039,103,p10
310_PV_2,310,2,PV,PV,upv,Solar,0,0,1,51.6,0,0,0,0,0,51.6,0,0,0,0,0,0,0,0,0,0,0,0,0,0,0,0,0,,,0,0,0,,0,0,0,0,0,0,0,0,0,0,0,0,51.6,0,0,0,0,b310,0,0,0,0,0,0,0,0,0,0,0,0,0,0,0,0,0,0,n,2060,2009,True,fsa,342,51.6,upv_n_fsa,2039,106,p10
324_PV_1,324,1,PV,PV,upv,Solar,0,0,1,49.7,0,0,0,0,0,49.7,0,0,0,0,0,0,0,0,0,0,0,0,0,0,0,0,0,,,0,0,0,,0,0,0,0,0,0,0,0,0,0,0,0,49.7,0,0,0,0,b324,0,0,0,0,0,0,0,0,0,0,0,0,0,0,0,0,0,0,n,2060,2009,True,fsa,342,49.7,upv_n_fsa,2039,104,p10
324_PV_2,324,2,PV,PV,upv,Solar,0,0,1,51.6,0,0,0,0,0,51.6,0,0,0,0,0,0,0,0,0,0,0,0,0,0,0,0,0,,,0,0,0,,0,0,0,0,0,0,0,0,0,0,0,0,51.6,0,0,0,0,b324,0,0,0,0,0,0,0,0,0,0,0,0,0,0,0,0,0,0,n,2060,2009,True,fsa,342,51.6,upv_n_fsa,2039,107,p10
324_PV_3,324,3,PV,PV,upv,Solar,0,0,1,51,0,0,0,0,0,51,0,0,0,0,0,0,0,0,0,0,0,0,0,0,0,0,0,,,0,0,0,,0,0,0,0,0,0,0,0,0,0,0,0,51,0,0,0,0,b324,0,0,0,0,0,0,0,0,0,0,0,0,0,0,0,0,0,0,n,2060,2009,True,fsa,342,51,upv_n_fsa,2039,108,p10
312_PV_1,312,1,PV,PV,upv,Solar,0,0,1,94.1,0,0,0,0,0,94.1,0,0,0,0,0,0,0,0,0,0,0,0,0,0,0,0,0,,,0,0,0,,0,0,0,0,0,0,0,0,0,0,0,0,94.1,0,0,0,0,b312,0,0,0,0,0,0,0,0,0,0,0,0,0,0,0,0,0,0,n,2060,2009,True,fsa,342,94.1,upv_n_fsa,2039,105,p10
319_PV_1,319,1,PV,PV,upv,Solar,0,0,1,188.2,0,0,0,0,0,188.2,0,0,0,0,0,0,0,0,0,0,0,0,0,0,0,0,0,,,0,0,0,,0,0,0,0,0,0,0,0,0,0,0,0,188.2,0,0,0,0,b319,0,0,0,0,0,0,0,0,0,0,0,0,0,0,0,0,0,0,n,2060,2009,True,fsa,342,188.2,upv_n_fsa,2039,110,p10
104_PV_1,104,1,PV,PV,upv,Solar,0,0,1,26.8,0,0,0,0,0,26.8,0,0,0,0,0,0,0,0,0,0,0,0,0,0,0,0,0,,,0,0,0,,0,0,0,0,0,0,0,0,0,0,0,0,26.8,0,0,0,0,b104,0,0,0,0,0,0,0,0,0,0,0,0,0,0,0,0,0,0,n,2060,2009,True,fsa,328,26.8,upv_n_fsa,2039,115,p28
212_CSP_1,212,1,CSP,CSP,csp-ns,Solar,0,0,1,200,30,0,0,1,1,20,1,0.5,0.17,0,0,0,10000,10000,0.04,576,24,0,0,0.15,0.33,0.6,0.8,1,,0.989475983,1.05501992,1.055274725,1.042105263,1.1,0,0,0,0,0,0,0,0,0,0,0,200,0,0,0,0,b212,0,0,0,0,0,0,0,0,0,0,0,0,0,0,0,0,0,0,n,2060,2012,True,fsa,333,200,csp-ns_n_fsa,2042,116,p27
103_PV_1,103,1,PV,PV,upv,Solar,0,0,1,61.5,0,0,0,0,0,61.5,0,0,0,0,0,0,0,0,0,0,0,0,0,0,0,0,0,,,0,0,0,,0,0,0,0,0,0,0,0,0,0,0,0,61.5,0,0,0,0,b103,0,0,0,0,0,0,0,0,0,0,0,0,0,0,0,0,0,0,n,2060,2009,True,fsa,328,61.5,upv_n_fsa,2039,120,p10
119_PV_1,119,1,PV,PV,upv,Solar,0,0,1,66.6,0,0,0,0,0,66.6,0,0,0,0,0,0,0,0,0,0,0,0,0,0,0,0,0,,,0,0,0,,0,0,0,0,0,0,0,0,0,0,0,0,66.6,0,0,0,0,b119,0,0,0,0,0,0,0,0,0,0,0,0,0,0,0,0,0,0,n,2060,2009,True,fsa,328,66.6,upv_n_fsa,2039,121,p10
308_RTPV_1,308,1,RTPV,RTPV,distpv,Solar,0,0,1,100.9,0,0,0,0,0,100.9,0,0,0,0,0,0,0,0,0,0,0,0,0,0,0,0,0,,,0,0,0,,0,0,0,0,0,0,0,0,0,0,0,0,100.9,0,0,0,0,b308,0,0,0,0,0,0,0,0,0,0,0,0,0,0,0,0,0,0,n,2060,2012,True,fsa,342,100.9,distpv_n_fsa,2042,122,p10
309_WIND_1,309,1,WIND,WIND,wind-ons,Wind,0,0,1,148.3,0,0,0,0,0,148.3,0,0,0,0,0,0,0,0,0,0,0,0,0,0,0,0,0,,,0,0,0,,0,0,0,0,0,0,0,0,0,0,0,0,148.3,0,0,0,0,b309,0,0,0,0,0,0,0,0,0,0,0,0,0,0,0,0,0,0,n,2060,2012,True,fsa,342,148.3,wind-ons_n_fsa,2042,153,p10
317_WIND_1,317,1,WIND,WIND,wind-ons,Wind,0,0,1,799.1,0,0,0,0,0,799.1,0,0,0,0,0,0,0,0,0,0,0,0,0,0,0,0,0,,,0,0,0,,0,0,0,0,0,0,0,0,0,0,0,0,799.1,0,0,0,0,b317,0,0,0,0,0,0,0,0,0,0,0,0,0,0,0,0,0,0,n,2060,2009,True,fsa,342,799.1,wind-ons_n_fsa,2039,154,p10
303_WIND_1,303,1,WIND,WIND,wind-ons,Wind,0,0,1,847,0,0,0,0,0,847,0,0,0,0,0,0,0,0,0,0,0,0,0,0,0,0,0,,,0,0,0,,0,0,0,0,0,0,0,0,0,0,0,0,847,0,0,0,0,b303,0,0,0,0,0,0,0,0,0,0,0,0,0,0,0,0,0,0,n,2060,2009,True,fsa,342,847,wind-ons_n_fsa,2039,155,p10
